Schedule: dynamic
Number of threads: 1
array_size,average_time
1024,0.0000387403
2048,0.0000699330
4096,0.0001372351
8192,0.0002318468
16384,0.0004073354
32768,0.0007965195
65536,0.0015351953
131072,0.0029964137
262144,0.0054535611
524288,0.0087813647
1048576,0.0146669770
2097152,0.0237930317
4194304,0.0411993577
8388608,0.0715501356
16777216,0.1631944814
33554432,0.3623191299
67108864,0.4912637978
134217728,0.9766902697
268435456,2.3555474407
536870912,4.4630732497
1073741824,8.7082152217

Number of threads: 2
array_size,average_time
1024,0.0001302621
2048,0.0001578573
4096,0.0001775797
8192,0.0002537270
16384,0.0003854497
32768,0.0006273102
65536,0.0010409378
131072,0.0020553803
262144,0.0036946042
524288,0.0058230786
1048576,0.0095756612
2097152,0.0168966441
4194304,0.0281057918
8388608,0.0491088112
16777216,0.0938929198
33554432,0.1802142467
67108864,0.3613174667
134217728,0.6843240230
268435456,1.4111060314
536870912,2.7505942899
1073741824,5.3473625075

Number of threads: 3
array_size,average_time
1024,0.0002236508
2048,0.0002264873
4096,0.0002401366
8192,0.0003083497
16384,0.0004083685
32768,0.0005282654
65536,0.0008835928
131072,0.0016152701
262144,0.0030084693
524288,0.0048780747
1048576,0.0070357857
2097152,0.0115630642
4194304,0.0207132640
8388608,0.0353409545
16777216,0.0664191582
33554432,0.1329406619
67108864,0.2578370094
134217728,0.5238132131
268435456,0.9919994015
536870912,1.9709317179
1073741824,4.0301595573

Number of threads: 4
array_size,average_time
1024,0.0002343102
2048,0.0003466068
4096,0.0002706612
8192,0.0003389190
16384,0.0003792366
32768,0.0005402111
65536,0.0009117337
131072,0.0015902128
262144,0.0027187622
524288,0.0039782511
1048576,0.0055751800
2097152,0.0092278839
4194304,0.0167194539
8388608,0.0301515071
16777216,0.0548154588
33554432,0.1035469308
67108864,0.2009748900
134217728,0.4157921973
268435456,0.8390035697
536870912,1.6748217515
1073741824,3.3197966315

Number of threads: 5
array_size,average_time
1024,0.0003079857
2048,0.0002889337
4096,0.0003327064
8192,0.0003641382
16384,0.0004273831
32768,0.0005875616
65536,0.0008649722
131072,0.0013773882
262144,0.0024094579
524288,0.0034389011
1048576,0.0046587292
2097152,0.0081517949
4194304,0.0142281561
8388608,0.0252176619
16777216,0.0473980127
33554432,0.0918082535
67108864,0.1783588557
134217728,0.3520657129
268435456,0.7080816944
536870912,1.4214700184
1073741824,2.8189141267

Number of threads: 6
array_size,average_time
1024,0.0003535264
2048,0.0003522155
4096,0.0003830696
8192,0.0003738841
16384,0.0004697136
32768,0.0005708010
65536,0.0008112821
131072,0.0012747730
262144,0.0020566502
524288,0.0029384326
1048576,0.0039143372
2097152,0.0064039153
4194304,0.0116563777
8388608,0.0220535356
16777216,0.0411416295
33554432,0.0824696795
67108864,0.1565328598
134217728,0.3137776474
268435456,0.6234170799
536870912,1.2573821320
1073741824,2.5439443990

Number of threads: 7
array_size,average_time
1024,0.0003790456
2048,0.0003731230
4096,0.0003966731
8192,0.0004412121
16384,0.0004936383
32768,0.0006312956
65536,0.0008168866
131072,0.0011669303
262144,0.0018358783
524288,0.0024524776
1048576,0.0035501932
2097152,0.0058265186
4194304,0.0104729546
8388608,0.0195536062
16777216,0.0382735866
33554432,0.0739745156
67108864,0.1425627738
134217728,0.2936174652
268435456,0.5732198987
536870912,1.1430587873
1073741824,2.2755964135

Number of threads: 8
array_size,average_time
1024,0.0013227420
2048,0.0011375656
4096,0.0013572962
8192,0.0011672329
16384,0.0010262582
32768,0.0011399425
65536,0.0012236790
131072,0.0014520043
262144,0.0024283011
524288,0.0024829145
1048576,0.0035611965
2097152,0.0055850453
4194304,0.0099452936
8388608,0.0186870171
16777216,0.0343716350
33554432,0.0697812135
67108864,0.1333906735
134217728,0.2657014311
268435456,0.5313936851
536870912,1.0581384855
1073741824,2.1097687449


Schedule: static
Number of threads: 1
array_size,average_time
1024,0.0000440186
2048,0.0000673616
4096,0.0001158292
8192,0.0002277072
16384,0.0004205142
32768,0.0007601349
65536,0.0016474320
131072,0.0032184354
262144,0.0056990706
524288,0.0087369593
1048576,0.0139225594
2097152,0.0253631374
4194304,0.0409676327
8388608,0.0728820482
16777216,0.1344842838
33554432,0.2921822039
67108864,0.5694872758
134217728,1.1803809904
268435456,2.4188842911
536870912,4.8133701325
1073741824,10.3471003180

Number of threads: 2
array_size,average_time
1024,0.0001400830
2048,0.0001686791
4096,0.0001798946
8192,0.0002318731
16384,0.0003319259
32768,0.0006067375
65536,0.0010669293
131072,0.0020372179
262144,0.0035088108
524288,0.0063188722
1048576,0.0111034333
2097152,0.0164583687
4194304,0.0271740433
8388608,0.0506877502
16777216,0.0908335423
33554432,0.1892405427
67108864,0.3366924821
134217728,0.6947793446
268435456,1.3823942241
536870912,2.9494271481
1073741824,5.6360167458

Number of threads: 3
array_size,average_time
1024,0.0001764527
2048,0.0002044828
4096,0.0002269278
8192,0.0002494794
16384,0.0003526081
32768,0.0004794985
65536,0.0007690906
131072,0.0015009009
262144,0.0027681538
524288,0.0048087138
1048576,0.0083592330
2097152,0.0133711345
4194304,0.0208121743
8388608,0.0342269091
16777216,0.0626110015
33554432,0.1313145131
67108864,0.2634284243
134217728,0.5804068004
268435456,1.0265634200
536870912,2.0450199235
1073741824,4.2244265522

Number of threads: 4
array_size,average_time
1024,0.0002627623
2048,0.0002701231
4096,0.0003366454
8192,0.0003225440
16384,0.0003888776
32768,0.0005096917
65536,0.0007233709
131072,0.0012001458
262144,0.0020826910
524288,0.0036548513
1048576,0.0063663326
2097152,0.0107746473
4194304,0.0176054351
8388608,0.0291123622
16777216,0.0592121022
33554432,0.1165121504
67108864,0.2039079668
134217728,0.4239457253
268435456,0.8790170621
536870912,1.7133659339
1073741824,3.5205048336

Number of threads: 5
array_size,average_time
1024,0.0002927758
2048,0.0002966166
4096,0.0003277764
8192,0.0003432063
16384,0.0004099034
32768,0.0005257604
65536,0.0007688156
131072,0.0011489680
262144,0.0018464774
524288,0.0031831946
1048576,0.0044891153
2097152,0.0076871999
4194304,0.0144646833
8388608,0.0242863560
16777216,0.0456845124
33554432,0.0955372858
67108864,0.1816784695
134217728,0.3610108334
268435456,0.7141184548
536870912,1.4542564484
1073741824,2.9554079126

Number of threads: 6
array_size,average_time
1024,0.0002973592
2048,0.0003270188
4096,0.0003392144
8192,0.0003875418
16384,0.0004498120
32768,0.0004762564
65536,0.0006481951
131072,0.0009761244
262144,0.0015904077
524288,0.0026408842
1048576,0.0033247401
2097152,0.0057396587
4194304,0.0113222594
8388608,0.0210474013
16777216,0.0414882603
33554432,0.0810245256
67108864,0.1646981087
134217728,0.3205535522
268435456,0.6668318773
536870912,1.3308044655
1073741824,2.6516180396

Number of threads: 7
array_size,average_time
1024,0.0003762752
2048,0.0003655702
4096,0.0005169394
8192,0.0003816857
16384,0.0004629663
32768,0.0004908678
65536,0.0006500791
131072,0.0009628440
262144,0.0014400451
524288,0.0024221897
1048576,0.0030789427
2097152,0.0054325533
4194304,0.0105749074
8388608,0.0201956704
16777216,0.0407526817
33554432,0.0861358572
67108864,0.1745081859
134217728,0.3540477521
268435456,0.7061805287
536870912,1.4255830661
1073741824,2.8784015505

Number of threads: 8
array_size,average_time
1024,0.0009129635
2048,0.0011448553
4096,0.0009722289
8192,0.0008201371
16384,0.0009755268
32768,0.0008894648
65536,0.0010730743
131072,0.0015048002
262144,0.0014384462
524288,0.0022352454
1048576,0.0030936582
2097152,0.0053323044
4194304,0.0097602317
8388608,0.0194686510
16777216,0.0401631940
33554432,0.0819845903
67108864,0.1658616464
134217728,0.3356730114
268435456,0.6669963000
536870912,1.3358931293
1073741824,2.6526393875


Schedule: guided
Number of threads: 1
array_size,average_time
1024,0.0000381111
2048,0.0000672783
4096,0.0001263137
8192,0.0002255665
16384,0.0004684879
32768,0.0008581344
65536,0.0017302806
131072,0.0031620185
262144,0.0056446587
524288,0.0100446968
1048576,0.0153042819
2097152,0.0251526615
4194304,0.0486445185
8388608,0.0767315043
16777216,0.1374728300
33554432,0.2891220112
67108864,0.5533405927
134217728,1.1403566362
268435456,2.4052108937
536870912,4.9916679208
1073741824,9.3933618449

Number of threads: 2
array_size,average_time
1024,0.0001214737
2048,0.0001370274
4096,0.0001697576
8192,0.0001944528
16384,0.0002766051
32768,0.0004537655
65536,0.0007937932
131072,0.0014831570
262144,0.0031080939
524288,0.0054861272
1048576,0.0093568297
2097152,0.0142869527
4194304,0.0254066375
8388608,0.0466815099
16777216,0.0856734222
33554432,0.1563272094
67108864,0.3079650325
134217728,0.6257962974
268435456,1.3318115052
536870912,2.3023351828
1073741824,5.3441281704

Number of threads: 3
array_size,average_time
1024,0.0002093937
2048,0.0002226189
4096,0.0002117182
8192,0.0002622314
16384,0.0003670685
32768,0.0005201812
65536,0.0008144396
131072,0.0013683252
262144,0.0023757447
524288,0.0041793903
1048576,0.0064869083
2097152,0.0105600669
4194304,0.0183359448
8388608,0.0326914717
16777216,0.0678818776
33554432,0.1121864126
67108864,0.2236058229
134217728,0.3973394423
268435456,0.8350469107
536870912,1.6958478611
1073741824,3.5657398334

Number of threads: 4
array_size,average_time
1024,0.0002334544
2048,0.0002429844
4096,0.0002613524
8192,0.0002566739
16384,0.0002966705
32768,0.0004928560
65536,0.0006348140
131072,0.0010991476
262144,0.0017424610
524288,0.0031800934
1048576,0.0048435192
2097152,0.0077159927
4194304,0.0143705009
8388608,0.0252928460
16777216,0.0474949414
33554432,0.0892096588
67108864,0.1815273961
134217728,0.3789219067
268435456,0.7092721797
536870912,1.4733969881
1073741824,2.8641067216

Number of threads: 5
array_size,average_time
1024,0.0002881760
2048,0.0003095259
4096,0.0003213780
8192,0.0003796248
16384,0.0003840595
32768,0.0004899594
65536,0.0006492221
131072,0.0009805570
262144,0.0016401968
524288,0.0026184601
1048576,0.0037285184
2097152,0.0062787325
4194304,0.0110449087
8388608,0.0196982680
16777216,0.0384193483
33554432,0.0735786444
67108864,0.1479114907
134217728,0.3040863828
268435456,0.5535265880
536870912,1.1935434045
1073741824,2.3370847173

Number of threads: 6
array_size,average_time
1024,0.0003535877
2048,0.0003285128
4096,0.0003533541
8192,0.0003424902
16384,0.0003915141
32768,0.0005031996
65536,0.0006238160
131072,0.0008754931
262144,0.0014205426
524288,0.0022279439
1048576,0.0031558555
2097152,0.0047820142
4194304,0.0085239474
8388608,0.0170656578
16777216,0.0321996889
33554432,0.0627207226
67108864,0.1279861433
134217728,0.2753783459
268435456,0.5495086239
536870912,1.0565330137
1073741824,2.0990207019

Number of threads: 7
array_size,average_time
1024,0.0003880548
2048,0.0003794645
4096,0.0004025232
8192,0.0004093761
16384,0.0004639813
32768,0.0004836446
65536,0.0005797339
131072,0.0008647661
262144,0.0012232735
524288,0.0018251748
1048576,0.0025960852
2097152,0.0039951733
4194304,0.0070070046
8388608,0.0130308850
16777216,0.0273414693
33554432,0.0544454464
67108864,0.1126183085
134217728,0.2450578196
268435456,0.4787319380
536870912,0.9426648775
1073741824,1.9149669096

Number of threads: 8
array_size,average_time
1024,0.0008669193
2048,0.0012509026
4096,0.0009876646
8192,0.0010203392
16384,0.0011033515
32768,0.0007912144
65536,0.0011140079
131072,0.0008423576
262144,0.0016004377
524288,0.0017370850
1048576,0.0022881618
2097152,0.0040801637
4194304,0.0071217659
8388608,0.0129127256
16777216,0.0271046479
33554432,0.0518231782
67108864,0.1053077635
134217728,0.2080204116
268435456,0.4215129969
536870912,0.8539614706
1073741824,1.6588086467
