synchronous (threads: 1)
chunk_size,average_time
1,9.9576752063
2,8.2253136436
4,11.6729279416
8,7.9180592932
16,8.4880870238
32,7.8014858637
64,7.5666535016
128,8.0877692390
256,8.9916009666
512,7.4959866056
1024,7.2670415768
2048,7.2318209305
4096,7.2431672959
8192,7.2480038699
16384,7.2212850157
32768,7.2555246908
65536,7.4152359633
131072,7.2307868827
262144,7.2464547660
524288,7.2170408305
1048576,7.3409433732
2097152,7.2422723087
4194304,7.1993994402
8388608,7.2489901088
16777216,7.3892594402
33554432,7.1857046394
67108864,7.2262158580
134217728,7.1773522049

Schedule: dynamic (threads: 1)
chunk_size,average_time
1,18.3522915799
2,18.2302401468
4,16.2266131580
8,10.3441809762
16,8.5885583389
32,9.4939868974
64,9.0319804743
128,7.7241407231
256,7.4258552352
512,8.1122533450
1024,8.3455667201
2048,9.3791285828
4096,9.7967596561
8192,8.2487568052
16384,7.5187302045
32768,7.8755113531
65536,7.6476587368
131072,7.6558627069
262144,10.3984034963
524288,9.8663044682
1048576,8.0800918356
2097152,7.6345848111
4194304,8.0530599939
8388608,8.3641943391
16777216,7.8005100105
33554432,7.7426877299
67108864,8.7400639717
134217728,8.1205160569

Schedule: static (threads: 1)
chunk_size,average_time
1,8.2128036628
2,7.6971860817
4,7.5088819785
8,7.4014038483
16,7.9836754102
32,7.7433040586
64,7.4201365702
128,7.3015089687
256,7.2834076513
512,7.2456853131
1024,7.1728362650
2048,7.2333963444
4096,7.2251857340
8192,7.2658216352
16384,7.2552941980
32768,7.1920860145
65536,8.9409134660
131072,7.2202088764
262144,7.1823533522
524288,7.2355958512
1048576,7.1667350257
2097152,7.1687697025
4194304,7.2300121417
8388608,7.1712390740
16777216,7.2010070939
33554432,7.1719791679
67108864,7.1968068346
134217728,7.3786368298

Schedule: guided (threads: 1)
chunk_size,average_time
1,7.5425498694
2,8.1031475360
4,7.7998409120
8,7.5432295855
16,8.1329021154
32,8.0724311285
64,7.6152216103
128,9.4737481948
256,8.9255192986
512,9.6465311542
1024,9.3893299608
2048,8.0058906686
4096,9.1904851831
8192,8.0535072070
16384,9.9052233416
32768,9.4071717024
65536,8.2819288530
131072,8.2056195164
262144,8.5323910920
524288,9.7494120292
1048576,8.5670567632
2097152,9.9621191034
4194304,8.7185874298
8388608,7.5723599801
16777216,10.1337028473
33554432,10.4884329148
67108864,9.5810043376
134217728,8.9918493556

Schedule: dynamic (threads: 2)
chunk_size,average_time
1,69.7539105376
2,32.9055803291
4,17.2936139049
8,12.9095042430
16,11.4753908398
32,6.9576581005
64,6.0517381484
128,5.5659651527
256,6.4648218887
512,5.5130271891
1024,5.3726715624
2048,6.1539565356
4096,5.4908599788
8192,5.9057457194
16384,5.4251506694
32768,5.2377447113
65536,4.9240972847
131072,4.4811529798
262144,5.3100033233
524288,5.0565692706
1048576,5.5842766335
2097152,4.5288089536
4194304,5.8922179552
8388608,6.2440052379
16777216,5.3917344634
33554432,4.2476535447
67108864,4.7696690831
134217728,5.0812773144

Schedule: static (threads: 2)
chunk_size,average_time
1,4.2959510215
2,4.0499639412
4,3.9500098945
8,3.9019454893
16,4.1611839233
32,4.0326049639
64,4.5065562518
128,3.8473680766
256,3.8479545593
512,3.8596619494
1024,3.8039884049
2048,3.8751537673
4096,3.8284059564
8192,3.8934112165
16384,3.8271162849
32768,3.8008836202
65536,3.7973617112
131072,3.9364182824
262144,3.7886224342
524288,3.6467461972
1048576,3.6798755774
2097152,3.6594419578
4194304,3.6620736161
8388608,3.6487326231
16777216,3.6701166745
33554432,3.6472778520
67108864,3.6611321066
134217728,3.6831953984

Schedule: guided (threads: 2)
chunk_size,average_time
1,7.4066289129
2,8.7279044373
4,7.3157176791
8,8.3134502908
16,6.4679557346
32,7.0129453598
64,6.6650142517
128,6.1755662296
256,5.6495771197
512,6.9626156954
1024,7.2149125947
2048,6.4195026141
4096,6.0481626963
8192,7.4293107690
16384,6.5470052732
32768,6.6689071685
65536,6.8812958265
131072,7.1272239922
262144,5.6663018772
524288,5.0544014631
1048576,5.5045215350
2097152,5.7589174131
4194304,5.8365633134
8388608,6.1633493414
16777216,6.5744552711
33554432,6.1443113906
67108864,6.5893306255
134217728,6.6823194787

Schedule: dynamic (threads: 3)
chunk_size,average_time
1,64.2833147924
2,27.0101539416
4,16.2478727112
8,12.1568274150
16,8.1972382572
32,5.8717275796
64,5.5645605058
128,4.2920895617
256,3.8975204708
512,3.6288430605
1024,3.9023280330
2048,4.0811704347
4096,3.4999580098
8192,3.7475161778
16384,3.4943546569
32768,4.3150481034
65536,3.3761437150
131072,3.7301400768
262144,3.1850351693
524288,3.6841061108
1048576,2.9956251549
2097152,2.5329676051
4194304,2.6065437894
8388608,2.5302887380
16777216,2.6644923655
33554432,2.6697241414
67108864,3.3234520513
134217728,2.8047542740

Schedule: static (threads: 3)
chunk_size,average_time
1,3.5525654005
2,2.8267678218
4,2.7411349343
8,2.7411719715
16,2.9096367685
32,3.1494027784
64,2.7667449007
128,2.7193286106
256,3.3125215186
512,2.6548646357
1024,2.7045565678
2048,2.8185946249
4096,2.6676118635
8192,2.6500800358
16384,2.6619555211
32768,2.8150499750
65536,2.6265760547
131072,2.5995388307
262144,2.5094982002
524288,2.5078266991
1048576,2.5283388589
2097152,2.4976461433
4194304,2.5377400784
8388608,2.5049483212
16777216,2.5515992859
33554432,3.0190212466
67108864,2.7819980033
134217728,3.1194735404

Schedule: guided (threads: 3)
chunk_size,average_time
1,3.8281031381
2,3.7667453956
4,4.0019024534
8,3.5494739512
16,3.8449391682
32,2.6955408256
64,3.2163240260
128,4.2426400954
256,4.4845217196
512,4.3442094566
1024,3.9486593600
2048,4.8631957946
4096,3.9188268928
8192,4.2849929716
16384,3.9620289322
32768,3.3475003626
65536,3.2369003741
131072,4.2377042054
262144,4.3696926581
524288,5.0203972749
1048576,3.6717170300
2097152,3.7962847257
4194304,4.6322969109
8388608,4.0142363565
16777216,4.7799706116
33554432,4.6466432367
67108864,4.4054500338
134217728,4.6460878054

Schedule: dynamic (threads: 4)
chunk_size,average_time
1,62.2486717267
2,26.6174256418
4,15.3626718342
8,11.3061924625
16,7.4495037781
32,4.4803369412
64,4.2426288720
128,3.1564183147
256,3.2022216950
512,2.9907023974
1024,2.8279909166
2048,3.1523151850
4096,2.4589171588
8192,2.3419961920
16384,2.2101422310
32768,2.4079277154
65536,2.2339854609
131072,2.1821357876
262144,1.9996365657
524288,1.9138260026
1048576,1.9448553085
2097152,1.9037052544
4194304,1.9131674230
8388608,1.9567094559
16777216,1.9011270437
33554432,1.8947779566
67108864,1.9138501937
134217728,1.9407857264

Schedule: static (threads: 4)
chunk_size,average_time
1,2.3727813668
2,2.4433884896
4,2.2597925579
8,2.4437979799
16,2.3866430052
32,2.3429368090
64,2.7886279229
128,2.4252382781
256,2.1060569666
512,2.3964855245
1024,2.5436908133
2048,2.1695643438
4096,2.1117725910
8192,2.1364658298
16384,2.3550761502
32768,2.1169161506
65536,2.6460455840
131072,2.1256293228
262144,2.2465119198
524288,2.2932689726
1048576,2.5085704833
2097152,1.9252874168
4194304,2.4195640741
8388608,2.0167102523
16777216,2.4290435849
33554432,1.8994586512
67108864,1.9057353823
134217728,1.9994392762

Schedule: guided (threads: 4)
chunk_size,average_time
1,1.8899534287
2,1.9094777649
4,1.8846538147
8,1.8883207299
16,1.8849795897
32,1.9261594264
64,1.8887836646
128,1.9267735882
256,1.9048098777
512,1.8854179168
1024,1.8845187206
2048,1.9006096676
4096,1.9130105047
8192,1.8853944939
16384,1.9737334380
32768,1.8822341669
65536,1.8836896284
131072,1.8919167282
262144,1.9114133416
524288,1.8887629449
1048576,1.9558839528
2097152,1.8867487818
4194304,1.8905376095
8388608,1.9278986253
16777216,1.9565396803
33554432,1.9664005658
67108864,1.9325839441
134217728,1.9988945935

Schedule: dynamic (threads: 5)
chunk_size,average_time
1,59.6299887487
2,25.6761085190
4,12.9672532967
8,9.0141932724
16,5.5831898158
32,3.6322739037
64,2.6865126569
128,2.3191664966
256,2.1551621243
512,2.0324004067
1024,2.0028064171
2048,2.0454512384
4096,1.9328229956
8192,1.9338448642
16384,1.8865794966
32768,1.8836240353
65536,1.7153346324
131072,1.6327083269
262144,1.7140523734
524288,1.6417339554
1048576,1.5964742772
2097152,1.5887968453
4194304,1.6567232855
8388608,1.5983080875
16777216,1.5730027303
33554432,1.7241429862
67108864,1.8894488409
134217728,1.9000192244

Schedule: static (threads: 5)
chunk_size,average_time
1,2.0415316733
2,2.4175994523
4,2.0898910634
8,2.4148699546
16,2.8367085775
32,2.1727670958
64,2.0973045362
128,2.1604880335
256,2.2167681297
512,2.0542446204
1024,2.0369498636
2048,2.0324090399
4096,1.7964414764
8192,1.7774484172
16384,1.7878788210
32768,2.3273941938
65536,2.1145930858
131072,2.4303343466
262144,1.8103963474
524288,2.0176115915
1048576,2.2130943328
2097152,1.8124148544
4194304,1.9957509637
8388608,1.6970186548
16777216,1.8032727795
33554432,2.2780033356
67108864,2.2398602737
134217728,2.2664346058

Schedule: guided (threads: 5)
chunk_size,average_time
1,1.7440192129
2,1.6879178178
4,1.6437300133
8,1.6045809366
16,1.5861519657
32,1.5905615397
64,1.6079610434
128,1.6673064893
256,1.6902495936
512,1.6867469337
1024,1.6810091075
2048,1.6860102810
4096,1.7031582996
8192,1.6599596905
16384,1.6564976385
32768,1.7383109653
65536,1.5556393571
131072,1.6213174952
262144,1.6290456012
524288,1.6908812480
1048576,1.6952934928
2097152,1.6907292405
4194304,1.7751866393
8388608,1.7065257991
16777216,1.7071443241
33554432,1.6739316886
67108864,1.8905262459
134217728,1.8947021758

Schedule: dynamic (threads: 6)
chunk_size,average_time
1,59.6308214588
2,25.9478077385
4,13.9883308381
8,9.2460968699
16,5.2026122693
32,3.2378071433
64,2.5080550006
128,2.2061256829
256,1.9409183163
512,1.8724720372
1024,1.8312011369
2048,1.8316711428
4096,1.8291463094
8192,1.7748778746
16384,1.7671514118
32768,1.7605905594
65536,1.6657800850
131072,1.6028626516
262144,1.6966910895
524288,1.6014662661
1048576,1.5280614013
2097152,1.5611576453
4194304,1.5293746226
8388608,1.4937983468
16777216,1.7087101365
33554432,1.6095785605
67108864,1.8878281128
134217728,2.0240029786

Schedule: static (threads: 6)
chunk_size,average_time
1,2.1034712979
2,2.1955921637
4,2.1658062635
8,2.5267435938
16,2.3501844434
32,2.6533966083
64,2.3386416333
128,2.0467743639
256,2.1143097635
512,1.8974349907
1024,1.8886317598
2048,1.8625453411
4096,1.8616007550
8192,1.8554434819
16384,2.1354873422
32768,1.9884981500
65536,1.8890830586
131072,2.0493816994
262144,2.2357530153
524288,2.1537255481
1048576,1.9451003656
2097152,1.7513579015
4194304,2.1165500656
8388608,1.7935545450
16777216,2.1527426750
33554432,1.9340597745
67108864,2.2997437717
134217728,2.5106231177

Schedule: guided (threads: 6)
chunk_size,average_time
1,1.3407408064
2,1.3626877941
4,1.4307994059
8,1.3392798664
16,1.3607974513
32,1.3431010652
64,1.3448750347
128,1.3549495321
256,1.3646946520
512,1.3476707649
1024,1.3753100261
2048,1.3557925232
4096,1.3523517482
8192,1.3677431827
16384,1.3468287228
32768,1.3673586043
65536,1.3711945579
131072,1.3408750676
262144,1.3436849576
524288,1.4288539268
1048576,1.3488410739
2097152,1.3599548988
4194304,1.3776622247
8388608,1.3620471099
16777216,1.5124935644
33554432,2.0460268728
67108864,1.7642789748
134217728,2.0562157331

Schedule: dynamic (threads: 7)
chunk_size,average_time
1,58.3407451646
2,25.9382620849
4,13.8110178536
8,8.7784314493
16,5.0447645299
32,3.1679486724
64,2.2885175655
128,2.0336419653
256,1.8582221076
512,1.8213961231
1024,1.8532219933
2048,1.8460413406
4096,1.8116343802
8192,1.8478003094
16384,1.7198240373
32768,1.6806459695
65536,1.5501056472
131072,1.3903583068
262144,1.3677338008
524288,1.3411829200
1048576,1.3077668272
2097152,1.4739837440
4194304,1.5802584760
8388608,1.5438658174
16777216,1.5616132660
33554432,1.6634660265
67108864,1.9343910614
134217728,2.0870136745

Schedule: static (threads: 7)
chunk_size,average_time
1,2.4867951132
2,2.1915953936
4,2.0760651383
8,2.3083675552
16,2.4158104679
32,2.4456097435
64,2.4443448134
128,2.3923985668
256,2.0886568101
512,2.0361966675
1024,1.9245770365
2048,1.8833657853
4096,1.9446756890
8192,1.8703118058
16384,1.7821304845
32768,1.8396685015
65536,1.8752400027
131072,1.8344673535
262144,1.9657197142
524288,1.9793708835
1048576,2.0055910043
2097152,2.0407055152
4194304,1.8647168053
8388608,2.0623389039
16777216,2.0616016295
33554432,2.1079859476
67108864,2.2626643922
134217728,1.8993537094

Schedule: guided (threads: 7)
chunk_size,average_time
1,1.9202487616
2,2.0334507318
4,1.8095660197
8,1.8937842928
16,1.9918831157
32,1.7973066330
64,1.2371891577
128,1.2408862984
256,1.4171051297
512,1.2599480176
1024,1.2331294376
2048,1.2497706834
4096,1.2341819236
8192,1.2355981821
16384,1.2455644118
32768,1.2785230294
65536,1.2410005253
131072,1.2626412846
262144,1.2496577160
524288,1.2455927478
1048576,1.2554115120
2097152,1.2481681183
4194304,1.2576731216
8388608,1.2597273367
16777216,1.2865608413
33554432,1.3128861908
67108864,1.4225139128
134217728,1.9089937543

Schedule: dynamic (threads: 8)
chunk_size,average_time
1,60.0545292297
2,26.0506067096
4,14.0868848845
8,9.0365686454
16,4.8790151447
32,3.0095210630
64,2.1727662800
128,1.8777729362
256,1.6529678073
512,1.7168282354
1024,1.7592494074
2048,1.7483745623
4096,1.5643974386
8192,1.6736666974
16384,1.6052992730
32768,1.4685043307
65536,1.4799329974
131072,1.2541598726
262144,1.1733603826
524288,1.1262049591
1048576,1.0848245649
2097152,1.1306903500
4194304,1.1739748577
8388608,1.1021552269
16777216,1.0618312862
33554432,1.1086552653
67108864,1.1147588598
134217728,1.1201409275

Schedule: static (threads: 8)
chunk_size,average_time
1,2.2466291595
2,2.0898624165
4,2.1177132668
8,2.3800206747
16,2.4706579527
32,2.2084589003
64,2.4224245390
128,2.4270387508
256,2.0574023120
512,1.8599949747
1024,1.7959664708
2048,1.8013410172
4096,1.8047394756
8192,1.7868209407
16384,1.7587407934
32768,1.7818950588
65536,1.7849409252
131072,1.7711676916
262144,1.7863043623
524288,1.7726953873
1048576,1.8368832359
2097152,1.7833362755
4194304,1.8320400702
8388608,1.7459574472
16777216,1.8463104213
33554432,1.8585953171
67108864,1.8178951092
134217728,1.7848309046

Schedule: guided (threads: 8)
chunk_size,average_time
1,1.0660625245
2,1.0901014793
4,1.1850137072
8,1.0830316952
16,1.0835482659
32,1.0988205781
64,1.0821374399
128,1.0927885050
256,1.0912984364
512,1.1678856725
1024,1.0846505968
2048,1.0843926177
4096,1.1306656601
8192,1.1592192898
16384,1.1155079093
32768,1.1160584377
65536,1.1166103955
131072,1.1156379160
262144,1.1163036628
524288,1.1319863830
1048576,1.1865811650
2097152,1.1207902990
4194304,1.1390535165
8388608,1.3201302748
16777216,1.1520993758
33554432,1.2037120994
67108864,1.2804291451
134217728,1.1187915787